{
    "You": 1740591862.8617797,
    "More": 1740591902.8591552,
    "I": 1740591952.848118,
    "Why": 1740592002.8573403,
    "Yes": 1740592052.8494804,
    "In": 1740592102.8466766,
    "Want": 1740592152.8537207,
    "Where": 1740592202.8467116,
    "Get": 1740592252.8550422,
    "On": 1740592302.8479764,
    "Put": 1740592352.855976,
    "Do": 1740592402.8479772,
    "Who": 1740592452.857379,
    "Come": 1740592502.8509579,
    "Give": 1740592552.8584452,
    "What": 1740592602.8498592,
    "Stop": 1740592652.8608565,
    "No": 1740592702.8524282,
    "Help": 1740592752.861428,
    "When": 1740592802.8384292
}