{
    "Help": 1742222965.135058,
    "Give": 1742223015.126958,
    "No": 1742223065.1189296,
    "Stop": 1742223115.1277058,
    "Who": 1742223165.124091,
    "More": 1742223215.1291716,
    "Why": 1742223265.1218116,
    "When": 1742223315.1169815,
    "Put": 1742223365.1228976,
    "Get": 1742223415.131193,
    "Do": 1742223465.1233132,
    "In": 1742223515.1199992,
    "Come": 1742223565.1252472,
    "You": 1742223615.121376,
    "On": 1742223665.128589,
    "Want": 1742223715.1205218,
    "Where": 1742223765.1270814,
    "I": 1742223815.120044,
    "What": 1742223865.1282818,
    "Yes": 1742223915.119986
}