{
    "Do": 1741104653.3440192,
    "Help": 1741104701.33302,
    "On": 1741104749.3420534,
    "Get": 1741104797.3348975,
    "What": 1741104845.3321145,
    "Put": 1741104893.341083,
    "Yes": 1741104941.3367348,
    "Stop": 1741104989.3449674,
    "Give": 1741105037.3406804,
    "Where": 1741105085.3327765,
    "You": 1741105133.3450773,
    "Want": 1741105181.337328,
    "Why": 1741105229.3325038,
    "No": 1741105277.3435903,
    "Come": 1741105325.3351882,
    "I": 1741105373.3461843,
    "In": 1741105421.3399625,
    "Who": 1741105469.3339682,
    "More": 1741105517.344993,
    "When": 1741105565.3380084
}