{
    "Give": 1741279383.9405048,
    "Where": 1741279433.9490097,
    "Come": 1741279483.9420743,
    "Get": 1741279533.9515746,
    "On": 1741279583.9427402,
    "Who": 1741279633.9537582,
    "Why": 1741279683.943786,
    "No": 1741279733.9529574,
    "When": 1741279783.9460626,
    "Want": 1741279833.9543092,
    "More": 1741279883.9496598,
    "You": 1741279933.9391246,
    "I": 1741279983.9488113,
    "Do": 1741280033.939276,
    "In": 1741280083.9493814,
    "Put": 1741280133.9427454,
    "Stop": 1741280183.9503872,
    "What": 1741280233.9446008,
    "Yes": 1741280283.9524467,
    "Help": 1741280333.9439454
}