{
    "Yes": 1741884866.8457127,
    "In": 1741884916.8557713,
    "Stop": 1741884966.8446667,
    "Get": 1741885016.8523393,
    "Do": 1741885066.8429203,
    "No": 1741885116.8507862,
    "Who": 1741885166.844459,
    "Give": 1741885216.8504796,
    "What": 1741885266.8413548,
    "You": 1741885316.8514378,
    "More": 1741885366.8432655,
    "Why": 1741885416.8321528,
    "Where": 1741885466.8421073,
    "Put": 1741885516.8317373,
    "Come": 1741885566.8394923,
    "I": 1741885616.8340664,
    "When": 1741885666.839506,
    "On": 1741885716.8306777,
    "Help": 1741885766.838339,
    "Want": 1741885816.8304472
}