{
    "Get": 1741626882.0072436,
    "Yes": 1741626932.014044,
    "Give": 1741626982.0068836,
    "No": 1741627032.0157027,
    "Why": 1741627082.0086215,
    "What": 1741627132.0168877,
    "Where": 1741627182.01256,
    "Come": 1741627232.0185583,
    "Who": 1741627282.0103195,
    "Help": 1741627332.0216835,
    "In": 1741627382.0116467,
    "Do": 1741627432.0059962,
    "When": 1741627482.0127673,
    "Put": 1741627532.0054755,
    "On": 1741627582.013999,
    "Stop": 1741627632.0063598,
    "I": 1741627682.014797,
    "More": 1741627732.0091367,
    "You": 1741627782.0165467,
    "Want": 1741627832.009213
}