{
    "Come": 1741700825.0667472,
    "Why": 1741700875.0814111,
    "Put": 1741700925.080888,
    "When": 1741700975.099389,
    "Get": 1741701025.0986419,
    "No": 1741701075.1108122,
    "More": 1741701125.1092875,
    "On": 1741701175.1221452,
    "You": 1741701225.1180718,
    "Stop": 1741701275.1317317,
    "I": 1741701325.1311643,
    "In": 1741701375.1291215,
    "Do": 1741701425.1402438,
    "What": 1741701475.1396167,
    "Where": 1741701525.151489,
    "Give": 1741701575.1488438,
    "Help": 1741701625.1650932,
    "Yes": 1741701675.1586895,
    "Who": 1741701725.1731591,
    "Want": 1741701775.1709826
}