{
    "Give": 1741940907.923761,
    "Why": 1741940957.9183483,
    "Get": 1741941007.9246197,
    "No": 1741941057.9192734,
    "Yes": 1741941107.9111881,
    "In": 1741941157.9182763,
    "Where": 1741941207.9271064,
    "Stop": 1741941257.922511,
    "Come": 1741941307.9143655,
    "When": 1741941357.9207196,
    "Help": 1741941407.9143224,
    "Do": 1741941457.9218812,
    "What": 1741941507.9143758,
    "Who": 1741941557.9230168,
    "I": 1741941607.9150522,
    "More": 1741941657.9093027,
    "On": 1741941707.9166436,
    "Want": 1741941757.9279711,
    "You": 1741941807.9199624,
    "Put": 1741941857.926586
}