{
    "Want": 1740676021.553515,
    "Why": 1740676069.5535748,
    "Stop": 1740676117.5495996,
    "Give": 1740676165.5585876,
    "Yes": 1740676213.5525746,
    "What": 1740676261.5456543,
    "When": 1740676309.5555508,
    "You": 1740676357.5494406,
    "Where": 1740676405.5437844,
    "Come": 1740676453.555754,
    "Get": 1740676501.5487173,
    "More": 1740676549.5437343,
    "Help": 1740676597.552767,
    "On": 1740676645.5467794,
    "Do": 1740676693.5573602,
    "I": 1740676741.5513525,
    "In": 1740676789.5453296,
    "Put": 1740676837.5549333,
    "Who": 1740676885.5494602,
    "No": 1740676933.543683
}