{
    "On": 1741102976.9542155,
    "Where": 1741103024.9592035,
    "Give": 1741103072.9555745,
    "Come": 1741103120.9487166,
    "Want": 1741103168.9569466,
    "When": 1741103216.9511592,
    "Why": 1741103264.9451146,
    "More": 1741103312.9581432,
    "Yes": 1741103360.9500608,
    "No": 1741103408.9620392,
    "Put": 1741103456.953344,
    "Get": 1741103504.9482465,
    "Do": 1741103552.945241,
    "I": 1741103600.9528723,
    "In": 1741103648.9458704,
    "Stop": 1741103696.95731,
    "Help": 1741103744.950986,
    "What": 1741103792.9462714,
    "You": 1741103840.9557042,
    "Who": 1741103888.9512436
}