{
    "More": 1740594045.72025,
    "Get": 1740594085.712442,
    "Put": 1740594132.70945,
    "Why": 1740594179.7044415,
    "Want": 1740594226.7138255,
    "Who": 1740594273.708573,
    "Yes": 1740594320.7027235,
    "You": 1740594367.7159133,
    "What": 1740594414.7091115,
    "When": 1740594461.6875753,
    "Help": 1740594508.7149796,
    "Give": 1740594555.6944551,
    "On": 1740594602.6885626,
    "Where": 1740594649.7180781,
    "Stop": 1740594696.710928,
    "I": 1740594743.7049239,
    "No": 1740594790.7006543,
    "Come": 1740594837.695186,
    "In": 1740594884.7071424,
    "Do": 1740594931.7033792
}