{
    "In": 1741789601.714027,
    "When": 1741789651.704006,
    "What": 1741789701.697763,
    "No": 1741789751.7003798,
    "I": 1741789801.693695,
    "Come": 1741789851.6992857,
    "Who": 1741789901.6890945,
    "Do": 1741789951.6935098,
    "Put": 1741790001.6847236,
    "More": 1741790051.6912344,
    "Why": 1741790101.6811361,
    "Get": 1741790151.6750093,
    "Give": 1741790201.6794822,
    "Stop": 1741790251.690154,
    "Want": 1741790301.6775608,
    "On": 1741790351.684441,
    "Where": 1741790401.6751606,
    "Help": 1741790451.6686783,
    "Yes": 1741790501.6765149,
    "You": 1741790551.6662154
}