{
    "Help": 1742318904.5510523,
    "Get": 1742318954.5382512,
    "Give": 1742319004.5306191,
    "Want": 1742319054.5380144,
    "You": 1742319104.5284324,
    "More": 1742319154.531907,
    "No": 1742319204.521921,
    "Put": 1742319254.5293586,
    "Do": 1742319304.5221276,
    "Why": 1742319354.5259287,
    "When": 1742319404.5173402,
    "On": 1742319454.5238526,
    "Where": 1742319504.5131767,
    "Stop": 1742319554.5203078,
    "In": 1742319604.510732,
    "What": 1742319654.521284,
    "I": 1742319704.5087903,
    "Come": 1742319754.518383,
    "Yes": 1742319804.5072024,
    "Who": 1742319854.5002422
}