{
    "Why": 1742226964.7171159,
    "Who": 1742227014.7236938,
    "Do": 1742227064.7176895,
    "No": 1742227114.7264667,
    "Yes": 1742227164.7195208,
    "Help": 1742227214.7265089,
    "More": 1742227264.718465,
    "Put": 1742227314.7274652,
    "When": 1742227364.7215283,
    "Get": 1742227414.7308156,
    "Give": 1742227464.7203817,
    "Stop": 1742227514.7153397,
    "Want": 1742227564.7224083,
    "Where": 1742227614.7323854,
    "In": 1742227664.7233467,
    "You": 1742227714.717654,
    "Come": 1742227764.7236679,
    "I": 1742227814.716661,
    "What": 1742227864.7256997,
    "On": 1742227914.7172987
}