{
    "When": 1741703238.8242455,
    "Want": 1741703288.836087,
    "Give": 1741703338.833275,
    "Where": 1741703388.8428352,
    "What": 1741703438.8409224,
    "Yes": 1741703488.8516207,
    "In": 1741703538.8466473,
    "No": 1741703588.8417463,
    "Come": 1741703638.8515162,
    "Who": 1741703688.8484108,
    "Get": 1741703738.8559897,
    "I": 1741703788.8540175,
    "Help": 1741703838.8624775,
    "Do": 1741703888.8570614,
    "You": 1741703938.8680842,
    "Put": 1741703988.8638709,
    "Why": 1741704038.8626623,
    "Stop": 1741704088.869057,
    "On": 1741704138.880034,
    "More": 1741704188.8740597
}