{
    "What": 1741945662.8325453,
    "When": 1741945712.8411353,
    "On": 1741945762.834154,
    "Do": 1741945812.8427775,
    "Where": 1741945862.835419,
    "Why": 1741945912.8472028,
    "Give": 1741945962.836235,
    "More": 1741946012.845152,
    "Stop": 1741946062.8395567,
    "Want": 1741946112.8461435,
    "Who": 1741946162.8387282,
    "Help": 1741946212.847968,
    "Get": 1741946262.8437376,
    "You": 1741946312.834292,
    "Come": 1741946362.8415594,
    "No": 1741946412.8332984,
    "In": 1741946462.8420746,
    "Put": 1741946512.8368735,
    "I": 1741946562.8426435,
    "Yes": 1741946612.8395975
}