{
    "When": 1741883095.4197593,
    "Stop": 1741883145.409222,
    "No": 1741883195.417081,
    "Do": 1741883245.4059904,
    "What": 1741883295.3999195,
    "You": 1741883345.404163,
    "In": 1741883395.4118407,
    "Come": 1741883445.4047465,
    "More": 1741883495.395797,
    "Help": 1741883545.4002652,
    "Give": 1741883595.3935733,
    "I": 1741883645.398379,
    "Yes": 1741883695.391503,
    "Want": 1741883745.3970048,
    "Where": 1741883795.387438,
    "On": 1741883845.3947284,
    "Put": 1741883895.3850214,
    "Get": 1741883945.3949227,
    "Who": 1741883995.386322,
    "Why": 1741884045.3933952
}