{
    "On": 1741281503.0189104,
    "Do": 1741281553.026721,
    "I": 1741281603.020144,
    "Yes": 1741281653.012444,
    "Come": 1741281703.022256,
    "Stop": 1741281753.0113513,
    "When": 1741281803.0212667,
    "Get": 1741281853.0164435,
    "Help": 1741281903.023011,
    "In": 1741281953.0138872,
    "You": 1741282003.023892,
    "Want": 1741282053.0159607,
    "Give": 1741282103.0239823,
    "Why": 1741282153.0171564,
    "What": 1741282203.024775,
    "No": 1741282253.0177884,
    "More": 1741282303.0120106,
    "Put": 1741282353.0192,
    "Who": 1741282403.0286455,
    "Where": 1741282453.0212417
}