{
    "Stop": 1740673517.2206626,
    "I": 1740673565.2076662,
    "On": 1740673613.2178402,
    "In": 1740673661.214026,
    "Give": 1740673709.2054884,
    "Come": 1740673757.2187119,
    "Put": 1740673805.2106724,
    "What": 1740673853.206687,
    "Yes": 1740673901.2176354,
    "Get": 1740673949.211635,
    "You": 1740673997.2196567,
    "Want": 1740674045.216636,
    "Why": 1740674093.207669,
    "Where": 1740674141.2046402,
    "Who": 1740674189.2116988,
    "When": 1740674237.2050908,
    "No": 1740674285.2160866,
    "More": 1740674333.2100835,
    "Help": 1740674381.2030911,
    "Do": 1740674429.2160816
}