{
    "Come": 1742224747.1063905,
    "You": 1742224797.116274,
    "Do": 1742224847.1076906,
    "Get": 1742224897.113303,
    "When": 1742224947.1082513,
    "Put": 1742224997.1022441,
    "Where": 1742225047.1068373,
    "Yes": 1742225097.1020072,
    "Want": 1742225147.1079793,
    "Give": 1742225197.1030703,
    "On": 1742225247.109167,
    "I": 1742225297.105138,
    "No": 1742225347.1101587,
    "What": 1742225397.103102,
    "More": 1742225447.1119595,
    "Stop": 1742225497.1066093,
    "Why": 1742225547.1121325,
    "Help": 1742225597.1046271,
    "In": 1742225647.1166935,
    "Who": 1742225697.1059995
}