{
    "More": 1741791326.9401515,
    "Come": 1741791376.9279108,
    "Where": 1741791426.938606,
    "Why": 1741791476.9269197,
    "You": 1741791526.9188337,
    "Get": 1741791576.929811,
    "Give": 1741791626.9223561,
    "What": 1741791676.9248066,
    "Help": 1741791726.918262,
    "On": 1741791776.9231367,
    "Stop": 1741791826.914704,
    "Do": 1741791876.9216683,
    "I": 1741791926.9144335,
    "Put": 1741791976.9206703,
    "In": 1741792026.9150877,
    "No": 1741792076.920565,
    "Who": 1741792126.9118314,
    "When": 1741792176.919679,
    "Want": 1741792226.9113102,
    "Yes": 1741792276.9210863
}